99
41 11
28 13
33 5
34 1
87 2
37 11
41 9
18 9
29 14
82 5
96 1
181 46
194 186
119 52
112 74
187 108
115 54
172 105
131 87
132 147
169 68
124 31
206 653
211 820
285 1005
258 1149
241 4056
249 2525
277 350
237 785
248 1184
243 1688
288 2116
309 23543
357 63495
361 24621
339 35262
371 55999
319 40385
366 18182
360 57067
308 57821
379 50365
323 52021
424 752415
473 539606
463 540830
453 307110
405 815314
490 7826
420 952952
460 531426
477 872441
411 809465
454 108753
594 7656255
584 14985076
597 3887553
588 11229089
521 37035
563 2727838
563 13227064
584 3567520
520 15957535
559 10518152
564 7077486
672 23453816
630 123719273
664 69719686
665 116512870
639 248461938
617 136295052
676 138525817
615 123490401
616 171106838
639 75437866
673 268228297
742 1501529212
779 4284532100
771 3061421332
707 4190538287
724 3151948378
706 2803773816
735 1093735397
755 3065380040
741 2586739543
748 1199698130
775 3042825115
879 53803639377
852 448636358
812 931170396
818 31701205592
868 43494378640
876 10917525617
856 33827394461
851 53630557705
854 25985192761
875 7817611060
841 28917014039
